{
 "cells": [
  {
   "cell_type": "code",
   "execution_count": 2,
   "metadata": {
    "collapsed": false
   },
   "outputs": [
    {
     "name": "stderr",
     "output_type": "stream",
     "text": [
      "/Users/kenn/anaconda/envs/py35/lib/python3.5/site-packages/ipykernel/pylab/config.py:66: DeprecationWarning: metadata {'config': True} was set from the constructor.  Metadata should be set using the .tag() method, e.g., Int().tag(key1='value1', key2='value2')\n",
      "  inline backend.\"\"\"\n",
      "/Users/kenn/anaconda/envs/py35/lib/python3.5/site-packages/ipykernel/pylab/config.py:71: DeprecationWarning: metadata {'config': True} was set from the constructor.  Metadata should be set using the .tag() method, e.g., Int().tag(key1='value1', key2='value2')\n",
      "  'retina', 'jpeg', 'svg', 'pdf'.\"\"\")\n",
      "/Users/kenn/anaconda/envs/py35/lib/python3.5/site-packages/ipykernel/pylab/config.py:85: DeprecationWarning: metadata {'config': True} was set from the constructor.  Metadata should be set using the .tag() method, e.g., Int().tag(key1='value1', key2='value2')\n",
      "  use `figure_formats` instead)\"\"\")\n",
      "/Users/kenn/anaconda/envs/py35/lib/python3.5/site-packages/ipykernel/pylab/config.py:95: DeprecationWarning: metadata {'config': True} was set from the constructor.  Metadata should be set using the .tag() method, e.g., Int().tag(key1='value1', key2='value2')\n",
      "  \"\"\"\n",
      "/Users/kenn/anaconda/envs/py35/lib/python3.5/site-packages/ipykernel/pylab/config.py:114: DeprecationWarning: metadata {'config': True} was set from the constructor.  Metadata should be set using the .tag() method, e.g., Int().tag(key1='value1', key2='value2')\n",
      "  \"\"\")\n",
      "/Users/kenn/anaconda/envs/py35/lib/python3.5/site-packages/ipykernel/pylab/config.py:44: DeprecationWarning: InlineBackend._config_changed is deprecated: use @observe and @unobserve instead.\n",
      "  def _config_changed(self, name, old, new):\n",
      "/Users/kenn/anaconda/envs/py35/lib/python3.5/site-packages/traitlets/traitlets.py:770: DeprecationWarning: A parent of InlineBackend._config_changed has adopted the new @observe(change) API\n",
      "  clsname, change_or_name), DeprecationWarning)\n",
      "/Users/kenn/anaconda/envs/py35/lib/python3.5/site-packages/IPython/core/formatters.py:98: DeprecationWarning: DisplayFormatter._formatters_default is deprecated: use @default decorator instead.\n",
      "  def _formatters_default(self):\n",
      "/Users/kenn/anaconda/envs/py35/lib/python3.5/site-packages/IPython/core/formatters.py:677: DeprecationWarning: PlainTextFormatter._deferred_printers_default is deprecated: use @default decorator instead.\n",
      "  def _deferred_printers_default(self):\n",
      "/Users/kenn/anaconda/envs/py35/lib/python3.5/site-packages/IPython/core/formatters.py:669: DeprecationWarning: PlainTextFormatter._singleton_printers_default is deprecated: use @default decorator instead.\n",
      "  def _singleton_printers_default(self):\n",
      "/Users/kenn/anaconda/envs/py35/lib/python3.5/site-packages/IPython/core/formatters.py:672: DeprecationWarning: PlainTextFormatter._type_printers_default is deprecated: use @default decorator instead.\n",
      "  def _type_printers_default(self):\n",
      "/Users/kenn/anaconda/envs/py35/lib/python3.5/site-packages/IPython/core/formatters.py:672: DeprecationWarning: PlainTextFormatter._type_printers_default is deprecated: use @default decorator instead.\n",
      "  def _type_printers_default(self):\n",
      "/Users/kenn/anaconda/envs/py35/lib/python3.5/site-packages/IPython/core/formatters.py:677: DeprecationWarning: PlainTextFormatter._deferred_printers_default is deprecated: use @default decorator instead.\n",
      "  def _deferred_printers_default(self):\n"
     ]
    }
   ],
   "source": [
    "import numpy as np\n",
    "from numpy import zeros\n",
    "import pandas as pd\n",
    "import pickle\n",
    "\n",
    "from random import sample\n",
    "from random import random\n",
    "from collections import defaultdict\n",
    "\n",
    "from sklearn.externals import joblib\n",
    "\n",
    "from sklearn.feature_extraction.text import TfidfVectorizer\n",
    "from sklearn.feature_extraction.text import CountVectorizer\n",
    "from sklearn.cluster import KMeans, MiniBatchKMeans\n",
    "from sklearn.metrics import pairwise_distances\n",
    "from sklearn.metrics.pairwise import cosine_similarity\n",
    "from sklearn.manifold import MDS\n",
    "from sklearn.decomposition import RandomizedPCA\n",
    "\n",
    "import nltk\n",
    "from nltk.tag.perceptron import PerceptronTagger\n",
    "from nltk.stem.snowball import SnowballStemmer\n",
    "from nltk.stem import WordNetLemmatizer\n",
    "\n",
    "\n",
    "import re\n",
    "import os\n",
    "import codecs\n",
    "from sklearn import feature_extraction\n",
    "import matplotlib as mpl\n",
    "import matplotlib.pyplot as plt\n",
    "import mpld3\n",
    "\n",
    "\n",
    "%matplotlib inline"
   ]
  },
  {
   "cell_type": "code",
   "execution_count": 3,
   "metadata": {
    "collapsed": true
   },
   "outputs": [],
   "source": [
    "with open('tableaucolors.pkl', 'rb') as file:\n",
    "    tbl_colors = pickle.load(file)\n",
    "    \n",
    "#this is for speeding up pos_tag() since pos_tag() is very slow due to unpickling each time\n",
    "tagger = PerceptronTagger() \n",
    "\n",
    "full_data = pd.read_csv('full_anime_data_set.csv')\n",
    "full_data.dropna(subset=['synopsis'], inplace=True)\n",
    "full_data['titlelower'] = full_data['title'].str.lower()\n",
    "synops = list(full_data['synopsis'])\n",
    "\n",
    "#remove short synopses\n",
    "short_indices = []\n",
    "for i, synop in enumerate(synops):\n",
    "    if len(synop.split()) <= 25:\n",
    "        short_indices.append(i)\n",
    "\n",
    "synops = [synop for i, synop in enumerate(synops) if i not in short_indices]\n",
    "full_data = full_data.drop(full_data.index[short_indices])"
   ]
  },
  {
   "cell_type": "markdown",
   "metadata": {},
   "source": [
    "## Preprocessing"
   ]
  },
  {
   "cell_type": "code",
   "execution_count": 4,
   "metadata": {
    "collapsed": false
   },
   "outputs": [],
   "source": [
    "stemmer = SnowballStemmer(\"english\")\n",
    "lemmatizer = WordNetLemmatizer()\n",
    "\n",
    "stops = set([\n",
    "    \"episode\", \"dvd\", \"special\", \"short\", \"movie\", \"included\", \"recap\", \"season\", \n",
    "    \"second\", \"film\", \"volume\", \"bundled\", \"tv\", \"aired\", \"version\", \"ova\", \n",
    "    \"tv\", \"animation\", \"animated\", \"releases\", \"based\", \"novel\", \"ova\", \"released\",\n",
    "    \"manga\", \"edition\", \"featuring\", \"features\", \"created\", \"called\",\n",
    "    \"main\", \"lot\", \"named\", \"feature\", \"anime\", \"adaptation\", \"releases\",\n",
    "    \"series\", \"information\", \"original\", \"characters\", \"new\", \"story\",\n",
    "    \"ovum\", \"character\", \"produced\", \"final\", \"meet\", \"scenes\", \"various\", \"plot\",\n",
    "    \"video\", \"meeting\", \"people\", \"release\", \"end\", \"japanese\", \"japan\", \"young\",\n",
    "    \"episodes\", \"include\", \"specials\", \"animate\", \"base\", \"game\", \"later\", \"contain\",\n",
    "    \"set\", \"volumes\", \"bundle\", \"air\", \"different\", \"limit\",\n",
    "    \"a\", \"about\", \"above\", \"across\", \"after\", \"afterwards\", \"again\", \"against\",\n",
    "    \"all\", \"almost\", \"alone\", \"along\", \"already\", \"also\", \"although\", \"always\",\n",
    "    \"am\", \"among\", \"amongst\", \"amoungst\", \"amount\", \"an\", \"and\", \"another\",\n",
    "    \"any\", \"anyhow\", \"anyone\", \"anything\", \"anyway\", \"anywhere\", \"are\",\n",
    "    \"around\", \"as\", \"at\", \"back\", \"be\", \"became\", \"because\", \"become\",\n",
    "    \"becomes\", \"becoming\", \"been\", \"before\", \"beforehand\", \"behind\", \"being\",\n",
    "    \"below\", \"beside\", \"besides\", \"between\", \"beyond\", \"bill\", \"both\",\n",
    "    \"bottom\", \"but\", \"by\", \"call\", \"can\", \"cannot\", \"cant\", \"co\", \"con\",\n",
    "    \"could\", \"couldnt\", \"cry\", \"de\", \"describe\", \"detail\", \"do\", \"done\",\n",
    "    \"down\", \"due\", \"during\", \"each\", \"eg\", \"eight\", \"either\", \"eleven\", \"else\",\n",
    "    \"elsewhere\", \"empty\", \"enough\", \"etc\", \"even\", \"ever\", \"every\", \"everyone\",\n",
    "    \"everything\", \"everywhere\", \"except\", \"few\", \"fifteen\", \"fifty\", \"fill\",\n",
    "    \"find\", \"fire\", \"first\", \"five\", \"for\", \"former\", \"formerly\", \"forty\",\n",
    "    \"found\", \"four\", \"from\", \"front\", \"full\", \"further\", \"get\", \"give\", \"go\",\n",
    "    \"had\", \"has\", \"hasnt\", \"have\", \"he\", \"hence\", \"her\", \"here\", \"hereafter\",\n",
    "    \"hereby\", \"herein\", \"hereupon\", \"hers\", \"herself\", \"him\", \"himself\", \"his\",\n",
    "    \"how\", \"however\", \"hundred\", \"i\", \"ie\", \"if\", \"in\", \"inc\", \"indeed\",\n",
    "    \"interest\", \"into\", \"is\", \"it\", \"its\", \"itself\", \"keep\", \"last\", \"latter\",\n",
    "    \"latterly\", \"least\", \"less\", \"ltd\", \"made\", \"many\", \"may\", \"me\",\n",
    "    \"meanwhile\", \"might\", \"mill\", \"mine\", \"more\", \"moreover\", \"most\", \"mostly\",\n",
    "    \"move\", \"much\", \"must\", \"my\", \"myself\", \"name\", \"namely\", \"neither\",\n",
    "    \"never\", \"nevertheless\", \"next\", \"nine\", \"no\", \"nobody\", \"none\", \"noone\",\n",
    "    \"nor\", \"not\", \"nothing\", \"now\", \"nowhere\", \"of\", \"off\", \"often\", \"on\",\n",
    "    \"once\", \"one\", \"only\", \"onto\", \"or\", \"other\", \"others\", \"otherwise\", \"our\",\n",
    "    \"ours\", \"ourselves\", \"out\", \"over\", \"own\", \"part\", \"per\", \"perhaps\",\n",
    "    \"please\", \"put\", \"rather\", \"re\", \"same\", \"see\", \"seem\", \"seemed\",\n",
    "    \"seeming\", \"seems\", \"serious\", \"several\", \"she\", \"should\", \"show\", \"side\",\n",
    "    \"since\", \"sincere\", \"six\", \"sixty\", \"so\", \"some\", \"somehow\", \"someone\",\n",
    "    \"something\", \"sometime\", \"sometimes\", \"somewhere\", \"still\", \"such\",\n",
    "    \"system\", \"take\", \"ten\", \"than\", \"that\", \"the\", \"their\", \"them\",\n",
    "    \"themselves\", \"then\", \"thence\", \"there\", \"thereafter\", \"thereby\",\n",
    "    \"therefore\", \"therein\", \"thereupon\", \"these\", \"they\", \"thick\", \"thin\",\n",
    "    \"third\", \"this\", \"those\", \"though\", \"three\", \"through\", \"throughout\",\n",
    "    \"thru\", \"thus\", \"to\", \"together\", \"too\", \"top\", \"toward\", \"towards\",\n",
    "    \"twelve\", \"twenty\", \"two\", \"un\", \"under\", \"until\", \"up\", \"upon\", \"us\",\n",
    "    \"very\", \"via\", \"was\", \"we\", \"well\", \"were\", \"what\", \"whatever\", \"when\",\n",
    "    \"whence\", \"whenever\", \"where\", \"whereafter\", \"whereas\", \"whereby\",\n",
    "    \"wherein\", \"whereupon\", \"wherever\", \"whether\", \"which\", \"while\", \"whither\",\n",
    "    \"who\", \"whoever\", \"whole\", \"whom\", \"whose\", \"why\", \"will\", \"with\",\n",
    "    \"within\", \"without\", \"would\", \"yet\", \"you\", \"your\", \"yours\", \"yourself\",\n",
    "    \"yourselves\"])\n",
    "\n",
    "def tokenize_and_stem(text):\n",
    "    # first tokenize by sentence, then by word to ensure that punctuation is caught as it's own token\n",
    "    tokens = [word for sent in nltk.sent_tokenize(text.replace(\"'\", '')) for word in nltk.word_tokenize(sent)]\n",
    "    filtered_tokens = []\n",
    "    # filter out any tokens not containing letters (e.g., numeric tokens, raw punctuation)\n",
    "    for token in tokens:\n",
    "        if re.search('[a-zA-Z]', token):\n",
    "            filtered_tokens.append(token)\n",
    "    #stems = [stemmer.stem(t) for t in filtered_tokens]\n",
    "    stems = [lemmatizer.lemmatize(t, pos='v') for t in filtered_tokens]\n",
    "    return stems\n",
    "\n",
    "def tokenize_only(text):\n",
    "    # first tokenize by sentence, then by word to ensure that punctuation is caught as it's own token\n",
    "    tokens = [word.lower() for sent in nltk.sent_tokenize(text.replace(\"'\", '')) for word in nltk.word_tokenize(sent)]\n",
    "    filtered_tokens = []\n",
    "    # filter out any tokens not containing letters (e.g., numeric tokens, raw punctuation)\n",
    "    for token in tokens:\n",
    "        if re.search('[a-zA-Z]', token):\n",
    "            filtered_tokens.append(token)\n",
    "    return filtered_tokens\n",
    "\n",
    "def clean_synops(synopses, nouns_only = False):\n",
    "    cleaned_synopses = []\n",
    "    for synopsis in synopses:\n",
    "        cleaned_tokens = tokenize_and_stem(synopsis)\n",
    "        cleaned_tokens = [word.lower() for word in cleaned_tokens]\n",
    "        if nouns_only:\n",
    "            tags = tagger.tag(cleaned_tokens)\n",
    "            cleaned_tokens = [t[0] for t in tags if t[1] == \"NN\"]\n",
    "\n",
    "        cleaned_synopses.append(\" \".join(cleaned_tokens))\n",
    "        \n",
    "    return cleaned_synopses\n",
    "\n",
    "totalvocab_stemmed = []\n",
    "totalvocab_tokenized = []\n",
    "for i in synops:\n",
    "    allwords_stemmed = tokenize_and_stem(i) #for each item in 'synopses', tokenize/stem\n",
    "    totalvocab_stemmed.extend(allwords_stemmed) #extend the 'totalvocab_stemmed' list\n",
    "    \n",
    "    allwords_tokenized = tokenize_only(i)\n",
    "    totalvocab_tokenized.extend(allwords_tokenized)\n",
    "    \n",
    "vocab_frame = pd.DataFrame({'words': totalvocab_tokenized}, index = totalvocab_stemmed)\n",
    "#print('there are ' + str(vocab_frame.shape[0]) + ' items in vocab_frame')\n",
    "\n",
    "cleaned_synops = clean_synops(synops)\n"
   ]
  },
  {
   "cell_type": "markdown",
   "metadata": {},
   "source": [
    "## fitting"
   ]
  },
  {
   "cell_type": "code",
   "execution_count": 5,
   "metadata": {
    "collapsed": false,
    "scrolled": true
   },
   "outputs": [
    {
     "name": "stdout",
     "output_type": "stream",
     "text": [
      "CPU times: user 15.6 s, sys: 512 ms, total: 16.1 s\n",
      "Wall time: 17.9 s\n",
      "CPU times: user 14.2 s, sys: 270 ms, total: 14.5 s\n",
      "Wall time: 10 s\n"
     ]
    }
   ],
   "source": [
    "tfidf_vectorizer = TfidfVectorizer(max_df=0.2, max_features=200000,\n",
    "                                   min_df=0.01, stop_words=stops,\n",
    "                                   use_idf=True, tokenizer=tokenize_and_stem, ngram_range=(1,3))\n",
    "\n",
    "%time tfidf_matrix = tfidf_vectorizer.fit_transform(cleaned_synops)\n",
    "tfidf_matrix = tfidf_matrix.toarray()\n",
    "\n",
    "terms = tfidf_vectorizer.get_feature_names()\n",
    "\n",
    "\n",
    "##### DO EVERYTHING ABOVE WHEN THE PAGE LOADS #####\n",
    "\n",
    "num_clusters = 9\n",
    "\n",
    "km = KMeans(n_clusters=num_clusters)\n",
    "\n",
    "%time km.fit(tfidf_matrix)\n",
    "\n",
    "\n",
    "##### CONSIDER PICKELING THE ABOVE AND THEN UNPICKELING THAT #####\n",
    "\n",
    "clusters = km.labels_.tolist()\n",
    "\n",
    "full_data['clusters'] = clusters\n",
    "full_data.set_index('clusters', inplace=True)\n",
    "full_data.head()\n",
    "cluster_names = defaultdict(str)"
   ]
  },
  {
   "cell_type": "code",
   "execution_count": 6,
   "metadata": {
    "collapsed": false
   },
   "outputs": [
    {
     "name": "stderr",
     "output_type": "stream",
     "text": [
      "/Users/kenn/anaconda/envs/py35/lib/python3.5/site-packages/IPython/core/formatters.py:92: DeprecationWarning: DisplayFormatter._ipython_display_formatter_default is deprecated: use @default decorator instead.\n",
      "  def _ipython_display_formatter_default(self):\n",
      "/Users/kenn/anaconda/envs/py35/lib/python3.5/site-packages/IPython/core/formatters.py:669: DeprecationWarning: PlainTextFormatter._singleton_printers_default is deprecated: use @default decorator instead.\n",
      "  def _singleton_printers_default(self):\n"
     ]
    },
    {
     "data": {
      "text/plain": [
       "['km.pkl', 'km.pkl_01.npy', 'km.pkl_02.npy']"
      ]
     },
     "execution_count": 6,
     "metadata": {},
     "output_type": "execute_result"
    }
   ],
   "source": [
    "joblib.dump(tfidf_matrix, 'tfidf_matrix.pkl')\n",
    "joblib.dump(tfidf_vectorizer, 'tfidf_vectorizer.pkl')\n",
    "joblib.dump(km, 'km.pkl')"
   ]
  },
  {
   "cell_type": "code",
   "execution_count": 7,
   "metadata": {
    "collapsed": true
   },
   "outputs": [],
   "source": [
    "clusters = list(km.labels_)"
   ]
  },
  {
   "cell_type": "markdown",
   "metadata": {},
   "source": [
    "## Name Clusters"
   ]
  },
  {
   "cell_type": "code",
   "execution_count": 8,
   "metadata": {
    "collapsed": true
   },
   "outputs": [],
   "source": [
    "order_centroids = km.cluster_centers_.argsort()[:, ::-1] \n",
    "\n",
    "for i in range(num_clusters):\n",
    "    #print(\"Cluster %d words:\" % i, end='')\n",
    "    \n",
    "    temp_list = []\n",
    "    for ind in order_centroids[i, :6]: #replace 6 with n words per cluster\n",
    "        try:\n",
    "            temp_list.append(terms[ind])\n",
    "            #print(' %s' % vocab_frame.ix[terms[ind].split(' ')].values.tolist()[0][0].encode('utf-8', 'ignore'), end=',')\n",
    "        except:\n",
    "            pass\n",
    "    #the line below is for creating labels for the graph using the first threw words\n",
    "    cluster_names[i] = ', '.join(temp_list[:5])"
   ]
  },
  {
   "cell_type": "code",
   "execution_count": 9,
   "metadata": {
    "collapsed": false
   },
   "outputs": [
    {
     "data": {
      "text/plain": [
       "defaultdict(str,\n",
       "            {0: 'earth, space, planet, alien, pilot',\n",
       "             1: 'father, family, mother, live, life',\n",
       "             2: 'world, mysterious, girl, know, power',\n",
       "             3: 'school, high, high school, student, girls',\n",
       "             4: 'love, girl, fall love, fall, day',\n",
       "             5: 'make, girl, work, come, time',\n",
       "             6: 'music, song, single, band, produce',\n",
       "             7: 'power, war, fight, city, battle',\n",
       "             8: 'team, match, play, girls, join'})"
      ]
     },
     "execution_count": 9,
     "metadata": {},
     "output_type": "execute_result"
    }
   ],
   "source": [
    "cluster_names"
   ]
  },
  {
   "cell_type": "markdown",
   "metadata": {},
   "source": [
    "### The stuff below is for the heroku app"
   ]
  },
  {
   "cell_type": "code",
   "execution_count": null,
   "metadata": {
    "collapsed": true
   },
   "outputs": [],
   "source": [
    "joblib.dump(full_data, 'full_data.pkl')\n",
    "joblib.dump(cleaned_synops, 'cleaned_synops.pkl')\n",
    "joblib.dump(cluster_names, 'cluster_names.pkl')"
   ]
  },
  {
   "cell_type": "markdown",
   "metadata": {},
   "source": [
    "## Plotting"
   ]
  },
  {
   "cell_type": "markdown",
   "metadata": {},
   "source": [
    "#### Take a movie, compute pair wise distances to other movies, get smallest n values, plot those"
   ]
  },
  {
   "cell_type": "code",
   "execution_count": 10,
   "metadata": {
    "collapsed": false,
    "scrolled": true
   },
   "outputs": [],
   "source": [
    "title_list_lower = list(full_data.titlelower)\n",
    "title_list = list(full_data.title)"
   ]
  },
  {
   "cell_type": "code",
   "execution_count": 11,
   "metadata": {
    "collapsed": false
   },
   "outputs": [],
   "source": [
    "test_movie = \"sen to chihiro no kamikakushi\"\n",
    "\n",
    "pwd = pairwise_distances(tfidf_matrix, tfidf_matrix[title_list_lower.index(test_movie)].reshape(1,-1), metric='cosine')"
   ]
  },
  {
   "cell_type": "code",
   "execution_count": 28,
   "metadata": {
    "collapsed": false
   },
   "outputs": [],
   "source": [
    "titles_index = title_list_lower.index(test_movie.lower())\n",
    "good_indices = [i for i in range(len(clusters)) if clusters[i] == clusters[titles_index]]"
   ]
  },
  {
   "cell_type": "code",
   "execution_count": 12,
   "metadata": {
    "collapsed": false
   },
   "outputs": [],
   "source": [
    "pwd = [i[0] for i in pwd]"
   ]
  },
  {
   "cell_type": "code",
   "execution_count": 13,
   "metadata": {
    "collapsed": false,
    "scrolled": true
   },
   "outputs": [],
   "source": [
    "closest = np.array(pwd).argsort()[:17]"
   ]
  },
  {
   "cell_type": "code",
   "execution_count": 14,
   "metadata": {
    "collapsed": true
   },
   "outputs": [],
   "source": [
    "closest_loc = [tfidf_matrix[i] for i in closest]"
   ]
  },
  {
   "cell_type": "code",
   "execution_count": 15,
   "metadata": {
    "collapsed": false
   },
   "outputs": [],
   "source": [
    "dist = 1 - cosine_similarity(closest_loc)"
   ]
  },
  {
   "cell_type": "code",
   "execution_count": 16,
   "metadata": {
    "collapsed": false
   },
   "outputs": [
    {
     "data": {
      "text/plain": [
       "array([[  2.22044605e-16,   4.45342541e-01,   4.91693320e-01,\n",
       "          5.10855238e-01,   5.54206520e-01,   5.54752175e-01,\n",
       "          5.62455364e-01,   5.89639439e-01,   5.92917796e-01,\n",
       "          6.18977954e-01,   6.22394402e-01,   6.27247235e-01,\n",
       "          6.27295836e-01,   6.27925177e-01,   6.40015624e-01,\n",
       "          6.49289348e-01,   6.62943406e-01],\n",
       "       [  4.45342541e-01,   1.11022302e-16,   1.90089809e-01,\n",
       "          2.60965523e-01,   5.02966940e-01,   5.60720339e-01,\n",
       "          3.89455037e-01,   4.40823848e-01,   4.74866859e-01,\n",
       "          3.93275191e-01,   4.05595661e-01,   6.92207764e-01,\n",
       "          4.59097208e-01,   6.10838056e-01,   5.33342017e-01,\n",
       "          5.68709562e-01,   7.57024150e-01],\n",
       "       [  4.91693320e-01,   1.90089809e-01,  -2.22044605e-16,\n",
       "          2.70458391e-01,   5.19249091e-01,   5.53524593e-01,\n",
       "          3.97297462e-01,   4.48006443e-01,   4.60856742e-01,\n",
       "          4.01068546e-01,   4.47723045e-01,   7.69611869e-01,\n",
       "          4.50147843e-01,   6.05269314e-01,   4.89400125e-01,\n",
       "          5.74249470e-01,   7.60145165e-01],\n",
       "       [  5.10855238e-01,   2.60965523e-01,   2.70458391e-01,\n",
       "         -2.22044605e-16,   5.74877307e-01,   5.76182510e-01,\n",
       "          4.39302362e-01,   4.96311722e-01,   4.76915441e-01,\n",
       "          4.53481388e-01,   4.55771298e-01,   7.89773269e-01,\n",
       "          5.12771790e-01,   6.49455170e-01,   5.79649176e-01,\n",
       "          5.91517006e-01,   7.81135002e-01],\n",
       "       [  5.54206520e-01,   5.02966940e-01,   5.19249091e-01,\n",
       "          5.74877307e-01,  -2.22044605e-16,   7.15744928e-01,\n",
       "          6.05232710e-01,   6.45469415e-01,   6.83618761e-01,\n",
       "          6.20570862e-01,   6.59167594e-01,   8.08678214e-01,\n",
       "          6.38735554e-01,   7.22992072e-01,   6.76718729e-01,\n",
       "          7.34967855e-01,   7.68236358e-01],\n",
       "       [  5.54752175e-01,   5.60720339e-01,   5.53524593e-01,\n",
       "          5.76182510e-01,   7.15744928e-01,  -2.22044605e-16,\n",
       "          6.73105772e-01,   6.36643020e-01,   6.05758715e-01,\n",
       "          6.75151135e-01,   6.64966330e-01,   8.75041923e-01,\n",
       "          6.65517107e-01,   7.00641708e-01,   7.50144853e-01,\n",
       "          7.69081127e-01,   8.69907365e-01],\n",
       "       [  5.62455364e-01,   3.89455037e-01,   3.97297462e-01,\n",
       "          4.39302362e-01,   6.05232710e-01,   6.73105772e-01,\n",
       "         -2.22044605e-16,   5.32439159e-01,   5.82833419e-01,\n",
       "          4.40741908e-01,   4.85472041e-01,   7.80570549e-01,\n",
       "          5.49318898e-01,   6.68243621e-01,   5.65840437e-01,\n",
       "          6.65905218e-01,   7.09104849e-01],\n",
       "       [  5.89639439e-01,   4.40823848e-01,   4.48006443e-01,\n",
       "          4.96311722e-01,   6.45469415e-01,   6.36643020e-01,\n",
       "          5.32439159e-01,  -2.22044605e-16,   6.42095983e-01,\n",
       "          5.49313308e-01,   6.18698338e-01,   8.40936007e-01,\n",
       "          6.05534715e-01,   7.34767030e-01,   6.81949674e-01,\n",
       "          7.06054393e-01,   7.65823923e-01],\n",
       "       [  5.92917796e-01,   4.74866859e-01,   4.60856742e-01,\n",
       "          4.76915441e-01,   6.83618761e-01,   6.05758715e-01,\n",
       "          5.82833419e-01,   6.42095983e-01,   1.11022302e-16,\n",
       "          5.70579793e-01,   5.90742986e-01,   7.97666847e-01,\n",
       "          6.08032158e-01,   6.45243065e-01,   6.74320701e-01,\n",
       "          6.56533659e-01,   8.17227978e-01],\n",
       "       [  6.18977954e-01,   3.93275191e-01,   4.01068546e-01,\n",
       "          4.53481388e-01,   6.20570862e-01,   6.75151135e-01,\n",
       "          4.40741908e-01,   5.49313308e-01,   5.70579793e-01,\n",
       "         -2.22044605e-16,   4.75934040e-01,   8.27410253e-01,\n",
       "          4.73549937e-01,   7.12213365e-01,   5.36268306e-01,\n",
       "          6.66110402e-01,   6.94463369e-01],\n",
       "       [  6.22394402e-01,   4.05595661e-01,   4.47723045e-01,\n",
       "          4.55771298e-01,   6.59167594e-01,   6.64966330e-01,\n",
       "          4.85472041e-01,   6.18698338e-01,   5.90742986e-01,\n",
       "          4.75934040e-01,  -2.22044605e-16,   8.40854343e-01,\n",
       "          6.07637796e-01,   7.34630857e-01,   6.56215335e-01,\n",
       "          6.57124726e-01,   7.59580720e-01],\n",
       "       [  6.27247235e-01,   6.92207764e-01,   7.69611869e-01,\n",
       "          7.89773269e-01,   8.08678214e-01,   8.75041923e-01,\n",
       "          7.80570549e-01,   8.40936007e-01,   7.97666847e-01,\n",
       "          8.27410253e-01,   8.40854343e-01,   1.11022302e-16,\n",
       "          8.46134072e-01,   8.50498541e-01,   8.67253849e-01,\n",
       "          8.77314548e-01,   8.82432771e-01],\n",
       "       [  6.27295836e-01,   4.59097208e-01,   4.50147843e-01,\n",
       "          5.12771790e-01,   6.38735554e-01,   6.65517107e-01,\n",
       "          5.49318898e-01,   6.05534715e-01,   6.08032158e-01,\n",
       "          4.73549937e-01,   6.07637796e-01,   8.46134072e-01,\n",
       "         -2.22044605e-16,   7.27410886e-01,   6.24230597e-01,\n",
       "          6.99119224e-01,   8.17378496e-01],\n",
       "       [  6.27925177e-01,   6.10838056e-01,   6.05269314e-01,\n",
       "          6.49455170e-01,   7.22992072e-01,   7.00641708e-01,\n",
       "          6.68243621e-01,   7.34767030e-01,   6.45243065e-01,\n",
       "          7.12213365e-01,   7.34630857e-01,   8.50498541e-01,\n",
       "          7.27410886e-01,  -2.22044605e-16,   6.82325061e-01,\n",
       "          7.54835263e-01,   8.05459660e-01],\n",
       "       [  6.40015624e-01,   5.33342017e-01,   4.89400125e-01,\n",
       "          5.79649176e-01,   6.76718729e-01,   7.50144853e-01,\n",
       "          5.65840437e-01,   6.81949674e-01,   6.74320701e-01,\n",
       "          5.36268306e-01,   6.56215335e-01,   8.67253849e-01,\n",
       "          6.24230597e-01,   6.82325061e-01,  -2.22044605e-16,\n",
       "          7.37942758e-01,   7.95178064e-01],\n",
       "       [  6.49289348e-01,   5.68709562e-01,   5.74249470e-01,\n",
       "          5.91517006e-01,   7.34967855e-01,   7.69081127e-01,\n",
       "          6.65905218e-01,   7.06054393e-01,   6.56533659e-01,\n",
       "          6.66110402e-01,   6.57124726e-01,   8.77314548e-01,\n",
       "          6.99119224e-01,   7.54835263e-01,   7.37942758e-01,\n",
       "          0.00000000e+00,   8.16182665e-01],\n",
       "       [  6.62943406e-01,   7.57024150e-01,   7.60145165e-01,\n",
       "          7.81135002e-01,   7.68236358e-01,   8.69907365e-01,\n",
       "          7.09104849e-01,   7.65823923e-01,   8.17227978e-01,\n",
       "          6.94463369e-01,   7.59580720e-01,   8.82432771e-01,\n",
       "          8.17378496e-01,   8.05459660e-01,   7.95178064e-01,\n",
       "          8.16182665e-01,  -4.44089210e-16]])"
      ]
     },
     "execution_count": 16,
     "metadata": {},
     "output_type": "execute_result"
    }
   ],
   "source": [
    "dist"
   ]
  },
  {
   "cell_type": "code",
   "execution_count": 17,
   "metadata": {
    "collapsed": false
   },
   "outputs": [
    {
     "data": {
      "text/plain": [
       "array([ 174, 3020, 5864, 4211, 6289, 4743, 5123, 4109, 3101, 5503, 2049,\n",
       "       5887,  775, 1679, 5171, 4148, 4060])"
      ]
     },
     "execution_count": 17,
     "metadata": {},
     "output_type": "execute_result"
    }
   ],
   "source": [
    "closest"
   ]
  },
  {
   "cell_type": "code",
   "execution_count": 18,
   "metadata": {
    "collapsed": false,
    "scrolled": true
   },
   "outputs": [],
   "source": [
    "subset_clusters = [clusters[i] for i in closest]"
   ]
  },
  {
   "cell_type": "code",
   "execution_count": 19,
   "metadata": {
    "collapsed": false
   },
   "outputs": [
    {
     "data": {
      "text/plain": [
       "[1, 8, 5, 5, 5, 5, 3, 7, 5, 3, 3, 1, 2, 7, 4, 7, 3]"
      ]
     },
     "execution_count": 19,
     "metadata": {},
     "output_type": "execute_result"
    }
   ],
   "source": [
    "subset_clusters"
   ]
  },
  {
   "cell_type": "code",
   "execution_count": 20,
   "metadata": {
    "collapsed": false
   },
   "outputs": [
    {
     "data": {
      "text/plain": [
       "['Sen to Chihiro no Kamikakushi',\n",
       " 'Ugokie Kori no Tatehiki',\n",
       " 'Seirei Tsukai no Blade Dance',\n",
       " 'Otome Youkai Zakuro',\n",
       " 'Echigo no Mukashibanashi: Attaten Ganoo',\n",
       " 'Natsume Yuujinchou Shi',\n",
       " 'Haitai Nanafa',\n",
       " 'Yoru no Okite',\n",
       " 'Natsume Yuujinchou',\n",
       " 'Date A Live II',\n",
       " 'Yakusai Kochou',\n",
       " 'Ponsuke no Haru',\n",
       " 'Yuu☆Yuu☆Hakusho (Movie)',\n",
       " 'Nakoruru: Ano Hito kara no Okurimono',\n",
       " 'Date A Live',\n",
       " 'Keroro Gunsou Movie 5: Tanjou! Kyuukyoku Keroro, Kiseki no Jikuu-jima, de arimasu!!',\n",
       " 'Nurarihyon no Mago']"
      ]
     },
     "execution_count": 20,
     "metadata": {},
     "output_type": "execute_result"
    }
   ],
   "source": [
    "titles = [title_list[i] for i in closest]\n",
    "titles"
   ]
  },
  {
   "cell_type": "code",
   "execution_count": 21,
   "metadata": {
    "collapsed": false,
    "scrolled": false
   },
   "outputs": [
    {
     "data": {
      "text/html": [
       "\n",
       "\n",
       "<style>\n",
       "\n",
       "text.mpld3-text, div.mpld3-tooltip {\n",
       "  font-family:Arial, Helvetica, sans-serif;\n",
       "}\n",
       "\n",
       "g.mpld3-xaxis, g.mpld3-yaxis {\n",
       "display: none; }\n",
       "\n",
       "svg.mpld3-figure {\n",
       "margin-left: -200px;}\n",
       "\n",
       "text.mpld3-text, div.mpld3-tooltip {\n",
       "  font-family:Arial, Helvetica, sans-serif;\n",
       "}\n",
       "\n",
       "g.mpld3-xaxis, g.mpld3-yaxis {\n",
       "display: none; }\n",
       "\n",
       "svg.mpld3-figure {\n",
       "margin-left: -200px;}\n",
       "\n",
       "text.mpld3-text, div.mpld3-tooltip {\n",
       "  font-family:Arial, Helvetica, sans-serif;\n",
       "}\n",
       "\n",
       "g.mpld3-xaxis, g.mpld3-yaxis {\n",
       "display: none; }\n",
       "\n",
       "svg.mpld3-figure {\n",
       "margin-left: -200px;}\n",
       "\n",
       "text.mpld3-text, div.mpld3-tooltip {\n",
       "  font-family:Arial, Helvetica, sans-serif;\n",
       "}\n",
       "\n",
       "g.mpld3-xaxis, g.mpld3-yaxis {\n",
       "display: none; }\n",
       "\n",
       "svg.mpld3-figure {\n",
       "margin-left: -200px;}\n",
       "\n",
       "text.mpld3-text, div.mpld3-tooltip {\n",
       "  font-family:Arial, Helvetica, sans-serif;\n",
       "}\n",
       "\n",
       "g.mpld3-xaxis, g.mpld3-yaxis {\n",
       "display: none; }\n",
       "\n",
       "svg.mpld3-figure {\n",
       "margin-left: -200px;}\n",
       "\n",
       "text.mpld3-text, div.mpld3-tooltip {\n",
       "  font-family:Arial, Helvetica, sans-serif;\n",
       "}\n",
       "\n",
       "g.mpld3-xaxis, g.mpld3-yaxis {\n",
       "display: none; }\n",
       "\n",
       "svg.mpld3-figure {\n",
       "margin-left: -200px;}\n",
       "\n",
       "text.mpld3-text, div.mpld3-tooltip {\n",
       "  font-family:Arial, Helvetica, sans-serif;\n",
       "}\n",
       "\n",
       "g.mpld3-xaxis, g.mpld3-yaxis {\n",
       "display: none; }\n",
       "\n",
       "svg.mpld3-figure {\n",
       "margin-left: -200px;}\n",
       "\n",
       "</style>\n",
       "\n",
       "<div id=\"fig_el92048201286569188823317\"></div>\n",
       "<script>\n",
       "function mpld3_load_lib(url, callback){\n",
       "  var s = document.createElement('script');\n",
       "  s.src = url;\n",
       "  s.async = true;\n",
       "  s.onreadystatechange = s.onload = callback;\n",
       "  s.onerror = function(){console.warn(\"failed to load library \" + url);};\n",
       "  document.getElementsByTagName(\"head\")[0].appendChild(s);\n",
       "}\n",
       "\n",
       "if(typeof(mpld3) !== \"undefined\" && mpld3._mpld3IsLoaded){\n",
       "   // already loaded: just create the figure\n",
       "   !function(mpld3){\n",
       "       \n",
       "    mpld3.register_plugin(\"htmltooltip\", HtmlTooltipPlugin);\n",
       "    HtmlTooltipPlugin.prototype = Object.create(mpld3.Plugin.prototype);\n",
       "    HtmlTooltipPlugin.prototype.constructor = HtmlTooltipPlugin;\n",
       "    HtmlTooltipPlugin.prototype.requiredProps = [\"id\"];\n",
       "    HtmlTooltipPlugin.prototype.defaultProps = {labels:null, hoffset:0, voffset:10};\n",
       "    function HtmlTooltipPlugin(fig, props){\n",
       "        mpld3.Plugin.call(this, fig, props);\n",
       "    };\n",
       "\n",
       "    HtmlTooltipPlugin.prototype.draw = function(){\n",
       "       var obj = mpld3.get_element(this.props.id);\n",
       "       var labels = this.props.labels;\n",
       "       var tooltip = d3.select(\"body\").append(\"div\")\n",
       "                    .attr(\"class\", \"mpld3-tooltip\")\n",
       "                    .style(\"position\", \"absolute\")\n",
       "                    .style(\"z-index\", \"10\")\n",
       "                    .style(\"visibility\", \"hidden\");\n",
       "\n",
       "       obj.elements()\n",
       "           .on(\"mouseover\", function(d, i){\n",
       "                              tooltip.html(labels[i])\n",
       "                                     .style(\"visibility\", \"visible\");})\n",
       "           .on(\"mousemove\", function(d, i){\n",
       "                    tooltip\n",
       "                      .style(\"top\", d3.event.pageY + this.props.voffset + \"px\")\n",
       "                      .style(\"left\",d3.event.pageX + this.props.hoffset + \"px\");\n",
       "                 }.bind(this))\n",
       "           .on(\"mouseout\",  function(d, i){\n",
       "                           tooltip.style(\"visibility\", \"hidden\");});\n",
       "    };\n",
       "    \n",
       "    mpld3.register_plugin(\"toptoolbar\", TopToolbar);\n",
       "    TopToolbar.prototype = Object.create(mpld3.Plugin.prototype);\n",
       "    TopToolbar.prototype.constructor = TopToolbar;\n",
       "    function TopToolbar(fig, props){\n",
       "        mpld3.Plugin.call(this, fig, props);\n",
       "    };\n",
       "\n",
       "    TopToolbar.prototype.draw = function(){\n",
       "      // the toolbar svg doesn't exist\n",
       "      // yet, so first draw it\n",
       "      this.fig.toolbar.draw();\n",
       "\n",
       "      // then change the y position to be\n",
       "      // at the top of the figure\n",
       "      this.fig.toolbar.toolbar.attr(\"x\", 600);\n",
       "      this.fig.toolbar.toolbar.attr(\"y\", 0);\n",
       "\n",
       "      // then remove the draw function,\n",
       "      // so that it is not called again\n",
       "      this.fig.toolbar.draw = function() {}\n",
       "    }\n",
       "    \n",
       "    mpld3.register_plugin(\"htmltooltip\", HtmlTooltipPlugin);\n",
       "    HtmlTooltipPlugin.prototype = Object.create(mpld3.Plugin.prototype);\n",
       "    HtmlTooltipPlugin.prototype.constructor = HtmlTooltipPlugin;\n",
       "    HtmlTooltipPlugin.prototype.requiredProps = [\"id\"];\n",
       "    HtmlTooltipPlugin.prototype.defaultProps = {labels:null, hoffset:0, voffset:10};\n",
       "    function HtmlTooltipPlugin(fig, props){\n",
       "        mpld3.Plugin.call(this, fig, props);\n",
       "    };\n",
       "\n",
       "    HtmlTooltipPlugin.prototype.draw = function(){\n",
       "       var obj = mpld3.get_element(this.props.id);\n",
       "       var labels = this.props.labels;\n",
       "       var tooltip = d3.select(\"body\").append(\"div\")\n",
       "                    .attr(\"class\", \"mpld3-tooltip\")\n",
       "                    .style(\"position\", \"absolute\")\n",
       "                    .style(\"z-index\", \"10\")\n",
       "                    .style(\"visibility\", \"hidden\");\n",
       "\n",
       "       obj.elements()\n",
       "           .on(\"mouseover\", function(d, i){\n",
       "                              tooltip.html(labels[i])\n",
       "                                     .style(\"visibility\", \"visible\");})\n",
       "           .on(\"mousemove\", function(d, i){\n",
       "                    tooltip\n",
       "                      .style(\"top\", d3.event.pageY + this.props.voffset + \"px\")\n",
       "                      .style(\"left\",d3.event.pageX + this.props.hoffset + \"px\");\n",
       "                 }.bind(this))\n",
       "           .on(\"mouseout\",  function(d, i){\n",
       "                           tooltip.style(\"visibility\", \"hidden\");});\n",
       "    };\n",
       "    \n",
       "    mpld3.register_plugin(\"toptoolbar\", TopToolbar);\n",
       "    TopToolbar.prototype = Object.create(mpld3.Plugin.prototype);\n",
       "    TopToolbar.prototype.constructor = TopToolbar;\n",
       "    function TopToolbar(fig, props){\n",
       "        mpld3.Plugin.call(this, fig, props);\n",
       "    };\n",
       "\n",
       "    TopToolbar.prototype.draw = function(){\n",
       "      // the toolbar svg doesn't exist\n",
       "      // yet, so first draw it\n",
       "      this.fig.toolbar.draw();\n",
       "\n",
       "      // then change the y position to be\n",
       "      // at the top of the figure\n",
       "      this.fig.toolbar.toolbar.attr(\"x\", 600);\n",
       "      this.fig.toolbar.toolbar.attr(\"y\", 0);\n",
       "\n",
       "      // then remove the draw function,\n",
       "      // so that it is not called again\n",
       "      this.fig.toolbar.draw = function() {}\n",
       "    }\n",
       "    \n",
       "    mpld3.register_plugin(\"htmltooltip\", HtmlTooltipPlugin);\n",
       "    HtmlTooltipPlugin.prototype = Object.create(mpld3.Plugin.prototype);\n",
       "    HtmlTooltipPlugin.prototype.constructor = HtmlTooltipPlugin;\n",
       "    HtmlTooltipPlugin.prototype.requiredProps = [\"id\"];\n",
       "    HtmlTooltipPlugin.prototype.defaultProps = {labels:null, hoffset:0, voffset:10};\n",
       "    function HtmlTooltipPlugin(fig, props){\n",
       "        mpld3.Plugin.call(this, fig, props);\n",
       "    };\n",
       "\n",
